tensor_initial_h 24
-0.371075004 0.252532989 -1.42194998 0.393029988 -0.0841611996 1.45696998 0.0679387003 2.11547995 -0.463111997 -1.02437997 -0.538398981 -2.21508002 -1.51050997 1.50948 0.206350997 -0.981445014 -1.42209995 -0.149364993 1.25870001 1.38294005 -0.221477002 -0.230483994 0.453312993 0.795476019
tensor_sequence_lens 3
3 3 3
tensor_B 72
-0.111975998 -4.4878602 0.0126000047 -0.476267993 -0.111975998 -4.4878602 0.0126000047 -0.476267993 -0.111975998 -4.4878602 0.0126000047 -0.476267993 -0.111975998 -4.4878602 0.0126000047 -0.476267993 -0.111975998 -4.4878602 0.0126000047 -0.476267993 -0.111975998 -4.4878602 0.0126000047 -0.476267993 -0.111975998 -4.4878602 0.0126000047 -0.476267993 -0.111975998 -4.4878602 0.0126000047 -0.476267993 -0.111975998 -4.4878602 0.0126000047 -0.476267993 1.81043601 0.377670944 -1.78106797 -0.725206077 1.81043601 0.377670944 -1.78106797 -0.725206077 1.81043601 0.377670944 -1.78106797 -0.725206077 1.81043601 0.377670944 -1.78106797 -0.725206077 1.81043601 0.377670944 -1.78106797 -0.725206077 1.81043601 0.377670944 -1.78106797 -0.725206077 1.81043601 0.377670944 -1.78106797 -0.725206077 1.81043601 0.377670944 -1.78106797 -0.725206077 1.81043601 0.377670944 -1.78106797 -0.725206077
tensor_R 32
-0.264847994 -1.30311 0.0712087005 0.641979992 -2.76537991 -0.652073979 -0.784274995 -1.76749003 -0.450673014 -0.917928994 -0.966654003 0.650856018 0.285537988 -0.909847975 -1.90459001 -0.140926003 -1.37131 0.780644 0.441009015 1.15856004 0.313297987 1.96765995 -1.11991 -0.0044095898 0.40762201 2.60569 -0.840986013 0.585658014 0.823292017 -0.696817994 1.15114999 0.150269002
tensor_W 16
1.16307998 2.21220994 0.483805001 0.774003983 0.299562991 1.04343998 0.153025001 1.18393004 -1.16881001 1.89171004 1.55806994 -1.23474002 -0.545944989 -1.77102995 -2.35562992 -0.451384008
