tensor_initial_c 6
0 0 0 0 0 0
tensor_B 24
0 0 0 0 0 0 0 0 0 0 0 0 0 0 0 0 0 0 0 0 0 0 0 0
tensor_initial_h 6
0 0 0 0 0 0
tensor_P 18
0.100000001 0.100000001 0.100000001 0.100000001 0.100000001 0.100000001 0.100000001 0.100000001 0.100000001 0.100000001 0.100000001 0.100000001 0.100000001 0.100000001 0.100000001 0.100000001 0.100000001 0.100000001
tensor_sequence_lens 2
1 1
tensor_R 36
0.100000001 0.100000001 0.100000001 0.100000001 0.100000001 0.100000001 0.100000001 0.100000001 0.100000001 0.100000001 0.100000001 0.100000001 0.100000001 0.100000001 0.100000001 0.100000001 0.100000001 0.100000001 0.100000001 0.100000001 0.100000001 0.100000001 0.100000001 0.100000001 0.100000001 0.100000001 0.100000001 0.100000001 0.100000001 0.100000001 0.100000001 0.100000001 0.100000001 0.100000001 0.100000001 0.100000001
tensor_W 48
0.100000001 0.100000001 0.100000001 0.100000001 0.100000001 0.100000001 0.100000001 0.100000001 0.100000001 0.100000001 0.100000001 0.100000001 0.100000001 0.100000001 0.100000001 0.100000001 0.100000001 0.100000001 0.100000001 0.100000001 0.100000001 0.100000001 0.100000001 0.100000001 0.100000001 0.100000001 0.100000001 0.100000001 0.100000001 0.100000001 0.100000001 0.100000001 0.100000001 0.100000001 0.100000001 0.100000001 0.100000001 0.100000001 0.100000001 0.100000001 0.100000001 0.100000001 0.100000001 0.100000001 0.100000001 0.100000001 0.100000001 0.100000001
